101010100
101020100
101030100
101040100
101190100
101190200
101190300
101190400
101190500
101190600
101190700
101190800
101190900
101191000
101191100
101191200
101191300
101050100
101050200
101050300
101050400
101050500
101050600
101050700
101050800
101050900
101051000
101051100
101051200
101051300
101060100
101060200
101060300
101060400
101060500
101060600
101060700
101060800
101060900
101070100
101070200
101070300
101070400
101070500
101070600
101070700
101070800
101070900
101071000
101071100
101071200
101071300
101071400
101080100
101080200
101080300
101080400
101080500
101080600
101080700
101080800
101080900
101081000
101081100
101081200
101090100
101090200
101090300
101090400
101090500
101090600
101090700
101090800
101090900
101091000
101091100
101100100
101100200
101100300
101100400
101100500
101100600
101100700
101100800
101100900
101101000
101101100
101110100
101110200
101110300
101110400
101110500
101110600
101110700
101110800
101110900
101111000
101120100
101120200
101120300
101120400
101120500
101120600
101120700
101120800
101120900
101121000
101121100
101121200
101121300
101121400
101121500
101121700
101130100
101130200
101130300
101130400
101130500
101130600
101130800
101130900
101131000
101131100
101131200
101131300
101131400
101131500
101131600
101131700
101131800
101131900
101132000
101132100
101132200
101132300
101132400
101150100
101150200
101150300
101150400
101150500
101150600
101150700
101150800
101160100
101160200
101160300
101160400
101160500
101160600
101160700
101160800
101160900
101161000
101161100
101161300
101161400
101170100
101170200
101170300
101170400
101170500
101180100
101180200
101180300
101180400
101180500
101180600
101180700
101180800
101180900
101181000
101181100
101181200
101181300
101181400
101181500
101181600
101181700
101181800
101200100
101200200
101200300
101200400
101200500
101200600
101200700
101200800
101200900
101201000
101201100
101201200
101201300
101201400
101201500
101201600
101201700
101210100
101210200
101210300
101210400
101210500
101210600
101210700
101210800
101210900
101211000
101211100
101220100
101220200
101220300
101220400
101220500
101220600
101220700
101220800
101220900
101221000
101221100
101221200
101221300
101221400
101221500
101221600
101230100
101230200
101230300
101230400
101230500
101230600
101230700
101230800
101230900
101240100
101240200
101240300
101240400
101240500
101240600
101240700
101240800
101240900
101241000
101241100
101250100
101250200
101250300
101250400
101250500
101250600
101250700
101250800
101250900
101251000
101251100
101251200
101251300
101251400
101260100
101260200
101260300
101260400
101260500
101260600
101260700
101260800
101260900
101270100
101270200
101270300
101270400
101270500
101270600
101270700
101270800
101270900
101271000
101271100
101271200
101271300
101271400
101271500
101271600
101271700
101271800
101271900
101272000
101272100
101280100
101280200
101280300
101280400
101280500
101280600
101280700
101280800
101280900
101281000
101281100
101281200
101281300
101281400
101281500
101281600
101281700
101281800
101281900
101282000
101282100
101282200
101290100
101290200
101290300
101290400
101290500
101290700
101290800
101290900
101291000
101291100
101291200
101291300
101291400
101291500
101291600
101291700
101300100
101300200
101300300
101300400
101300500
101300600
101300700
101300800
101300900
101301000
101301100
101301200
101301300
101301400
101310100
101310200
101310300
101310400
101310500
101310600
101310700
101310800
101310900
101311000
101311100
101311200
101311300
101311400
101311500
101311600
101311700
101311800
101311900
101341100
101140100
101140200
101140300
101140400
101140500
101140600
101140700
101320300
101330100
